# Created by Octave 2.1.60, Wed Dec 01 12:23:51 2004 CET <mcreel@yosemite>
# name: poisson_data
# type: matrix
# rows: 1000
# columns: 4
 1 1 0.778420787766202 -1.30344996269299
 54 1 0.917221866944903 0.385525894077181
 11 1 0.638137878740747 0.00423402978823272
 17 1 0.955401010924956 0.0307318490320281
 3 1 0.3172388714596 -0.368928241923834
 1 1 0.309927247254333 -0.997385084856285
 0 1 0.370610925294603 -1.23077030937203
 5 1 0.208877909395586 0.125745150034919
 0 1 0.590210064838066 -1.30039264580578
 4 1 0.288266160303924 -0.0103701388950505
 19 1 0.742974554195338 0.226995448392574
 0 1 0.117876686738419 -0.250078864039735
 0 1 0.303350755909369 -1.07734391643886
 0 1 0.00282697185415786 -0.517470804567013
 3 1 0.262903676804285 -0.344985895940184
 1 1 0.154692636610157 -0.187065136701249
 0 1 0.679695405716344 -0.985688237754598
 28 1 0.963812001105777 0.171994084547952
 1 1 0.556950084245414 -0.406872972349398
 8 1 0.317755878380679 0.0764318677449038
 83 1 0.332190010829391 0.939328695782744
 564 1 0.775504103512339 1.26934356150102
 20 1 0.326387980970099 0.443267671617802
 13 1 0.721479162815007 0.061537473283411
 0 1 0.463949756827117 -2.8598558432506
 4 1 0.304307682703545 0.177776169075808
 0 1 0.680385547368233 -1.50935477554028
 1 1 0.58462661439318 -0.877582658512011
 312 1 0.257030958792761 1.38254949829054
 0 1 0.617279846050551 -1.35124613362523
 50 1 0.341993802856111 0.744756621625334
 6 1 0.382371607750441 0.163466082663387
 19 1 0.459419352888234 0.333072430209636
 0 1 0.932670127364635 -1.64854935005988
 0 1 0.0374483040947394 -1.4730118717911
 3922 1 0.188778561180588 2.29525076892409
 3692 1 0.451992385529983 2.10488272010565
 6687 1 0.66427292986143 2.1564496555335
 1 1 0.640735400218613 -1.10952578793545
 11 1 0.834377028068944 -0.0800814050541076
 0 1 0.141763324566795 -3.19095989430829
 0 1 0.00929455268531547 -0.790643796184952
 2177 1 0.943553367566215 1.61018628261812
 0 1 0.599147689330845 -1.01768543318315
 1 1 0.711547798348173 -0.686629658086347
 665 1 0.331635904454288 1.60086289663117
 14 1 0.0688343749662415 0.385326233310953
 0 1 0.682045009354768 -1.24335399573005
 87 1 0.986716955161548 0.45749483989164
 0 1 0.914371096950234 -1.88170943542323
 0 1 0.316415267450404 -0.92257870318952
 1 1 0.0264145886274481 -0.257871389634773
 15 1 0.367434308066748 0.286852992681524
 48 1 0.596900717649106 0.605402907172751
 1 1 0.284411436344908 -0.586207674790247
 0 1 0.355629021001108 -1.62725847661644
 7 1 0.0541533197454727 0.103309841530446
 7 1 0.0491491412294869 0.0572093801336615
 15 1 0.222155455925725 0.264074193423771
 10 1 0.674239430657622 0.0887350889571972
 0 1 0.464514520769369 -0.861153643497924
 0 1 0.154370491604689 -1.24360763059064
 0 1 0.0470126391667589 -1.86667257110388
 0 1 0.523063021831489 -1.82181158726745
 2 1 0.073166370528488 -0.00877241213044173
 6 1 0.510509508823095 -0.147804276317626
 2078 1 0.988316845632554 1.55400803199671
 0 1 0.300098495236693 -0.445383567117111
 147 1 0.943254318400943 0.698754935888402
 4 1 0.273995193526546 0.00368515666326867
 3322 1 0.716927417677583 1.89531100824105
 10 1 0.0818442634163173 0.450809539234452
 0 1 0.645784340283739 -2.49158022579793
 338 1 0.861540632645586 1.03200676940275
 0 1 0.310170995360608 -1.49182527459742
 0 1 0.312699057541996 -0.331841236576756
 0 1 0.115991126759466 -0.728260438429924
 1382 1 0.726106030267988 1.59806268797489
 1687 1 0.570390021362821 1.75857502347043
 12 1 0.4928283247429 -0.0299261261177539
 7 1 0.382638816809717 0.140026676997796
 9 1 0.609352959315713 -0.0955091455106581
 9 1 0.706741749143795 -0.224173092836999
 0 1 0.336266426851619 -0.493497924396674
 11 1 0.575675190858489 0.014453796924241
 2 1 0.00557313577941125 -0.137422793118353
 2 1 0.938628522703987 -0.751241440082498
 0 1 0.340488353818611 -1.66564781425556
 8 1 0.380959379278597 0.144066132484317
 46 1 0.944266833909162 0.274263096032389
 12 1 0.429299413630787 0.283728697410009
 3 1 0.142171144473383 -0.162607482396427
 17 1 0.765772884866684 0.0639600115879218
 2321 1 0.583325370369175 1.86821120921925
 0 1 0.759008574565436 -0.994178126473734
 279 1 0.196184646644691 1.40406021356222
 0 1 0.105094615643777 -0.954646815931909
 57 1 0.477594664789077 0.669084989201547
 0 1 0.491881625616718 -1.17029545043029
 0 1 0.70359548961449 -1.35999584642388
 2 1 0.714610093867656 -0.648741603841126
 0 1 0.125087286763914 -1.44797595788413
 12 1 0.0334687238379005 0.422834854177303
 14 1 0.0709378923257861 0.548161967136717
 0 1 0.929573372211501 -0.897689733954707
 14 1 0.602669396628175 0.189251189645576
 79 1 0.00110366775605235 1.13810905768179
 237 1 0.597618953752317 1.08259837053595
 0 1 0.920030559417476 -1.48619144413962
 6 1 0.700802304031557 -0.301887416386043
 1 1 0.902279445117039 -1.07981556541726
 275 1 0.292520588545734 1.33550406421697
 10 1 0.156992471531976 0.191378535629226
 528 1 0.779033940299032 1.23962149342647
 0 1 0.0382336143171293 -1.41942644007777
 0 1 0.345142968731264 -0.469362392491535
 0 1 0.63442040403903 -1.28060255705688
 6 1 0.669024809211264 -0.0429268229020034
 0 1 0.934017105639776 -2.0991565874844
 0 1 0.651880746628799 -1.48810515835039
 1 1 0.493412003304773 -1.02531762108866
 10 1 0.000610311408558206 0.538800741037172
 470 1 0.983019877158347 1.06557322448894
 4 1 0.745210660685967 -0.413779115209955
 24 1 0.844228921842712 0.272590696234129
 10 1 0.151311551806636 0.293873122501018
 79 1 0.900734910300778 0.47602252992576
 287 1 0.661085299966692 1.11745416826778
 1 1 0.485804028251927 -1.03735190709522
 465 1 0.372768377284687 1.46090768665554
 46 1 0.21501722523071 0.798903376880561
 181 1 0.208570351708457 1.25997175885934
 6025 1 0.420494458150312 2.28936698772467
 16 1 0.894680707554124 0.0134864224452306
 3 1 0.311555302512758 -0.354934867877814
 48 1 0.408392288520964 0.621963438927011
 141 1 0.460890482538786 1.02702015799731
 0 1 0.0127169842454863 -0.21290844935765
 53 1 0.530590044581801 0.58811961324898
 38153 1 0.519598589715415 2.83630728333096
 27 1 0.777491622775352 0.252205828884161
 1 1 0.154188249192011 -0.449051987602135
 4 1 0.78818296274412 -0.0614061371468219
 1 1 0.943804433698667 -0.631293502789684
 0 1 0.73309057166971 -1.89841908137436
 277 1 0.913494463638961 0.933370464543482
 1 1 0.58801536650945 -1.51661218470401
 0 1 0.076488085889824 -0.655774015242166
 4 1 0.164011948044831 -0.257319046513799
 56748 1 0.511519114099923 2.97330781181796
 9 1 0.866297346986494 -0.306218272293566
 64 1 0.378064623718691 0.707022344756646
 1 1 0.486876763095655 -1.06518763009062
 1 1 0.306543164803532 -0.309669384342797
 55 1 0.256602536413314 0.759359757835786
 84 1 0.0989233440132779 1.07777989769866
 12 1 0.958690481562163 0.0351121368140876
 25 1 0.0323230435224607 0.743060513730876
 8 1 0.103741170354539 0.352197284090365
 1 1 0.294663237473297 -0.333309410595927
 9 1 0.0317017541479746 0.241893863454662
 88 1 0.158220405397028 1.05761919404073
 1 1 0.596344383854253 -1.38310962102418
 0 1 0.791227546595351 -2.37994192441993
 53 1 0.517686144201996 0.683848074924284
 31 1 0.739770941626275 0.377073107269055
 2 1 0.957997517225247 -0.778473879756703
 0 1 0.20311184555298 -0.997807291766059
 3 1 0.544364124841043 -0.64583644914979
 0 1 0.278808657738795 -0.552878004885663
 4 1 0.22699491364081 -0.0961510634520842
 2 1 0.774708865492024 -0.714679388945838
 9 1 0.517301859763925 0.119037635469991
 0 1 0.799604194319928 -1.90797379313202
 25 1 0.593836428899697 0.36552057761387
 1277 1 0.846301814102188 1.48855976986564
 2 1 0.786613322001548 -0.242653068962958
 0 1 0.0167377902380875 -0.792278464086635
 31 1 0.736361499114928 0.36604103888972
 21 1 0.707323572773145 0.215908073604048
 11 1 0.424443616585781 0.127465990283811
 399 1 0.350011490904854 1.42172672121765
 0 1 0.624288639033719 -1.06313283123739
 56 1 0.828389314045278 0.494450664988303
 827 1 0.446137588679796 1.60045435252895
 0 1 0.417383151678639 -2.01191743991372
 188 1 0.00527264129489384 1.39407654248482
