# Created by Octave 4.0.3, Tue Nov 22 08:11:20 2016 CET <michael@yosemite>
# name: alpha
# type: scalar
0.33


# name: beta
# type: scalar
0.99


# name: delta
# type: scalar
0.025


# name: gam
# type: scalar
2


# name: rho1
# type: scalar
0.9


# name: sigma1
# type: scalar
0.02


# name: rho2
# type: scalar
0.7


# name: sigma2
# type: scalar
0.01


# name: nss
# type: scalar
0.3333333333333333


