dsgedata = [
1.053195	0.775994	0.341976	0.036466	2.063421
0.98914	0.77101	0.323019	0.034109	2.051657
0.943685	0.765509	0.313114	0.032613	2.019296
0.976529	0.765616	0.330687	0.033964	1.97853
0.995596	0.767599	0.333029	0.034723	2.002976
1.050221	0.772164	0.350433	0.036661	2.007937
1.045508	0.772313	0.350318	0.036336	1.999584
1.039577	0.773229	0.345135	0.035994	2.0181
0.973305	0.767575	0.326044	0.033601	2.000083
0.968038	0.765141	0.330137	0.033536	1.964597
0.992678	0.767234	0.335243	0.034517	1.983915
1.069161	0.775368	0.351294	0.037223	2.039139
0.963425	0.767295	0.318146	0.033342	2.028925
0.944819	0.763912	0.315904	0.032843	2.003863
0.951409	0.763882	0.3157	0.03327	2.019146
0.945509	0.761033	0.319565	0.033234	1.982357
0.886909	0.754424	0.301261	0.031342	1.972486
0.95662	0.757788	0.328192	0.034175	1.952928
0.96922	0.758598	0.330766	0.034746	1.963253
0.942818	0.75616	0.320573	0.033871	1.970497
0.956312	0.755808	0.328023	0.034518	1.953303
0.984315	0.758554	0.333471	0.035638	1.977653
0.969472	0.758244	0.323906	0.035108	2.005355
0.947431	0.756132	0.315837	0.034373	2.009833
1.012384	0.759512	0.344388	0.036876	1.969569
0.978604	0.755936	0.338576	0.035542	1.936529
1.074231	0.765754	0.362325	0.039034	1.98643
1.031617	0.763431	0.350163	0.037153	1.973886
1.023871	0.76518	0.340098	0.036717	2.017044
1.012166	0.764171	0.339017	0.036185	2.000347
0.942365	0.757824	0.318638	0.033626	1.981512
0.971185	0.76082	0.321923	0.034831	2.021272
1.029578	0.764414	0.34584	0.037004	1.994609
1.056984	0.767304	0.355624	0.037842	1.991368
1.038761	0.766895	0.350026	0.036952	1.988338
0.991641	0.763712	0.334325	0.035125	1.987282
1.013192	0.766125	0.338396	0.035907	2.006046
1.00342	0.765672	0.334766	0.035506	2.008244
0.960977	0.761313	0.324211	0.033988	1.985909
1.015618	0.76546	0.341832	0.03605	1.99064
0.90532	0.75614	0.305188	0.032074	1.98752
0.848476	0.747556	0.292646	0.030333	1.942593
0.92022	0.751097	0.318525	0.033367	1.935636
0.89318	0.745859	0.316012	0.032596	1.893706
0.841395	0.739121	0.298902	0.030976	1.886085
0.846923	0.735368	0.307956	0.031609	1.84265
0.909757	0.739019	0.329742	0.034379	1.848506
0.931042	0.741255	0.33122	0.035375	1.883307
0.89025	0.736011	0.32096	0.033933	1.858372
0.847561	0.730837	0.304931	0.03254	1.862313
0.905619	0.733488	0.32856	0.035169	1.846686
0.953063	0.736786	0.346248	0.037186	1.844109
0.933723	0.7343	0.343313	0.036411	1.822133
0.928018	0.732891	0.344235	0.03624	1.806137
0.984454	0.739953	0.353211	0.038516	1.867299
1.020725	0.745263	0.359056	0.039776	1.904606
1.060467	0.752603	0.360089	0.041016	1.973123
1.167773	0.764617	0.39	0.044668	2.006158
1.090759	0.761931	0.366031	0.04084	1.996565
1.139426	0.769854	0.373618	0.042144	2.043302
1.091889	0.767259	0.366605	0.039734	1.99551
1.025475	0.762619	0.349784	0.036919	1.964264
1.077654	0.769504	0.358385	0.038656	2.014673
1.144617	0.77605	0.38279	0.040712	2.003438
1.0923	0.77411	0.367899	0.038287	1.989244
1.080541	0.775967	0.358408	0.037545	2.019939
1.039556	0.774292	0.343329	0.035867	2.028675
1.092624	0.779984	0.35675	0.037595	2.052024
1.0602	0.777898	0.350494	0.036205	2.026663
1.08668	0.782022	0.353621	0.036953	2.058919
1.064637	0.782379	0.342275	0.035974	2.084017
1.140488	0.790538	0.360038	0.038387	2.122367
1.126764	0.790662	0.359798	0.037524	2.098217
1.075028	0.78868	0.341508	0.035484	2.10908
1.104227	0.792123	0.348886	0.036316	2.120551
1.108427	0.793916	0.348969	0.036233	2.128112
1.141221	0.799153	0.352335	0.037076	2.170147
1.114137	0.798135	0.346779	0.035885	2.152567
1.107345	0.799272	0.342311	0.035458	2.167356
1.120623	0.802833	0.339336	0.035709	2.212556
1.028436	0.794158	0.321872	0.032584	2.14069
1.022773	0.793382	0.319275	0.032486	2.146223
0.975591	0.787253	0.311378	0.031077	2.099148
0.943559	0.782196	0.305137	0.030263	2.071772
0.963217	0.780932	0.315983	0.031186	2.042355
0.951793	0.778352	0.312985	0.031037	2.037471
0.913884	0.772221	0.30585	0.030037	2.00196
0.944446	0.773324	0.313271	0.031384	2.019905
0.877294	0.764552	0.296352	0.02938	1.983416
0.816684	0.755876	0.277374	0.027726	1.972783
0.779739	0.747939	0.267226	0.026978	1.955181
0.81078	0.745365	0.28264	0.028675	1.922068
0.854462	0.746222	0.296606	0.030773	1.930175
0.954547	0.752679	0.331388	0.034836	1.929897
0.953793	0.75212	0.331061	0.034902	1.930276
0.971584	0.75265	0.339663	0.035647	1.916481
1.013142	0.75776	0.346198	0.037196	1.960733
0.918844	0.749245	0.318061	0.03362	1.935559
0.965536	0.752719	0.331809	0.035548	1.949634
0.951672	0.751189	0.327397	0.035082	1.947539
0.944589	0.749373	0.328109	0.034912	1.928849
0.928107	0.7471	0.323351	0.034411	1.923078
0.911935	0.744929	0.317002	0.033969	1.927421
0.913202	0.74441	0.315126	0.034227	1.941583
0.97023	0.747422	0.339296	0.036577	1.915867
0.993894	0.749559	0.347586	0.037452	1.915781
0.919306	0.742564	0.325818	0.034542	1.890416
0.941155	0.744185	0.330884	0.035536	1.905704
0.960959	0.745911	0.335837	0.036373	1.917102
1.005514	0.750014	0.350014	0.038071	1.924738
0.974891	0.748431	0.338096	0.036754	1.931906
0.954885	0.744567	0.341683	0.035968	1.872388
0.910687	0.739903	0.328315	0.034338	1.858444
0.934774	0.739964	0.342046	0.03544	1.83099
0.955111	0.742517	0.34353	0.036306	1.862745
0.932253	0.740995	0.332524	0.035455	1.878356
0.899118	0.736814	0.323549	0.034297	1.861861
0.927694	0.738097	0.334478	0.035608	1.85824
0.898299	0.734172	0.327113	0.034582	1.839877
0.870776	0.730259	0.318342	0.03372	1.832669
0.839263	0.725767	0.306539	0.03278	1.834408
0.854567	0.726007	0.30801	0.033766	1.858885
0.839547	0.721008	0.310308	0.033494	1.812687
0.847507	0.719974	0.31248	0.034174	1.817102
0.844139	0.716467	0.317702	0.034361	1.780084
0.899261	0.719882	0.3389	0.036939	1.777545
0.888783	0.717768	0.33806	0.036606	1.761177
0.908378	0.718843	0.345932	0.037548	1.758985
0.869996	0.714053	0.335937	0.036009	1.734815
0.893256	0.716016	0.341254	0.03717	1.753395
0.821032	0.708083	0.316204	0.034261	1.739489
0.855337	0.709262	0.33035	0.036071	1.734354
0.847165	0.705822	0.334336	0.035952	1.697209
0.865598	0.708319	0.332335	0.03698	1.744563
0.887584	0.710079	0.338432	0.03809	1.756581
0.906066	0.712102	0.342492	0.038953	1.77189
0.884304	0.708733	0.340767	0.038009	1.738044
0.861221	0.70533	0.335793	0.037097	1.717745
0.866461	0.704575	0.339933	0.037493	1.707059
0.904631	0.707515	0.354943	0.039283	1.706743
0.975267	0.71569	0.374571	0.042299	1.743622
1.10511	0.731907	0.405331	0.047481	1.826093
1.143218	0.741768	0.404376	0.048002	1.89382
1.158927	0.746892	0.413322	0.047442	1.878387
1.186472	0.755656	0.411712	0.047345	1.930699
1.137734	0.756934	0.392412	0.044216	1.942498
1.042084	0.752131	0.361643	0.039717	1.930584
1.01118	0.751743	0.347659	0.038216	1.948699
1.028501	0.755597	0.346441	0.038689	1.989059
1.035167	0.755585	0.356837	0.038703	1.943618
1.054146	0.758678	0.36205	0.039151	1.950758
1.015873	0.756182	0.352777	0.037422	1.929349
0.975826	0.753929	0.33688	0.035804	1.940755
1.032617	0.757718	0.36133	0.0379	1.914727
1.0334	0.759918	0.356261	0.037718	1.943449
1.022373	0.760312	0.350848	0.037121	1.952375
1.056806	0.764213	0.361138	0.038225	1.96063
0.986452	0.759759	0.336498	0.03543	1.964121
1.027123	0.764403	0.344413	0.036903	1.998102
0.977861	0.759412	0.334628	0.035007	1.957893
];
 y = dsgedata(:,1);
 c = dsgedata(:,2);
 n = dsgedata(:,3);
 MPK = dsgedata(:,4);
 MPL = dsgedata(:,5);
