lb_param_ub = [
0.95    0.99    0.995   % beta
0.0     2       5       % gam
0       0.9     0.995   % rho1
0       0.02    0.1     % sigma1
0       0.7     0.995   % rho2
0       0.01    0.1     % sigma2
6/24    8/24    9/24    % nss
];


